# ESTAR: Stopping Powers and Range Tables for Electrons
# 
# Carbon disulfide (Density=1.2927 g/cm3) (I=175.9 eV)
# 
# Kinetic    Collision Radiative Total     CSDA      
# Energy     Stp. Pow. Stp. Pow. Stp. Pow. Range     
# MeV        MeV cm2/g MeV cm2/g MeV cm2/g g/cm2     
 1.000E-02 1.685E+01 7.383E-03 1.686E+01 3.473E-04 
 1.250E-02 1.429E+01 7.586E-03 1.430E+01 5.090E-04 
 1.500E-02 1.248E+01 7.733E-03 1.249E+01 6.966E-04 
 1.750E-02 1.113E+01 7.844E-03 1.114E+01 9.090E-04 
 2.000E-02 1.008E+01 7.931E-03 1.009E+01 1.145E-03 
 2.500E-02 8.541E+00 8.058E-03 8.549E+00 1.686E-03 
 3.000E-02 7.467E+00 8.147E-03 7.475E+00 2.313E-03 
 3.500E-02 6.672E+00 8.214E-03 6.681E+00 3.022E-03 
 4.000E-02 6.058E+00 8.270E-03 6.067E+00 3.809E-03 
 4.500E-02 5.569E+00 8.318E-03 5.577E+00 4.670E-03 
 5.000E-02 5.170E+00 8.360E-03 5.178E+00 5.601E-03 
 5.500E-02 4.837E+00 8.399E-03 4.845E+00 6.600E-03 
 6.000E-02 4.556E+00 8.437E-03 4.564E+00 7.664E-03 
 7.000E-02 4.105E+00 8.508E-03 4.113E+00 9.976E-03 
 8.000E-02 3.760E+00 8.581E-03 3.768E+00 1.252E-02 
 9.000E-02 3.487E+00 8.655E-03 3.495E+00 1.528E-02 
 1.000E-01 3.265E+00 8.733E-03 3.274E+00 1.824E-02 
 1.250E-01 2.860E+00 8.948E-03 2.869E+00 2.643E-02 
 1.500E-01 2.586E+00 9.187E-03 2.595E+00 3.561E-02 
 1.750E-01 2.389E+00 9.450E-03 2.398E+00 4.565E-02 
 2.000E-01 2.241E+00 9.733E-03 2.251E+00 5.642E-02 
 2.500E-01 2.035E+00 1.035E-02 2.045E+00 7.980E-02 
 3.000E-01 1.901E+00 1.104E-02 1.912E+00 1.051E-01 
 3.500E-01 1.808E+00 1.177E-02 1.819E+00 1.320E-01 
 4.000E-01 1.741E+00 1.255E-02 1.753E+00 1.600E-01 
 4.500E-01 1.691E+00 1.338E-02 1.704E+00 1.890E-01 
 5.000E-01 1.653E+00 1.425E-02 1.668E+00 2.186E-01 
 5.500E-01 1.624E+00 1.515E-02 1.639E+00 2.489E-01 
 6.000E-01 1.601E+00 1.608E-02 1.617E+00 2.796E-01 
 7.000E-01 1.568E+00 1.803E-02 1.586E+00 3.421E-01 
 8.000E-01 1.547E+00 2.007E-02 1.567E+00 4.056E-01 
 9.000E-01 1.533E+00 2.220E-02 1.555E+00 4.697E-01 
 1.000E+00 1.525E+00 2.441E-02 1.549E+00 5.341E-01 
 1.250E+00 1.516E+00 3.026E-02 1.547E+00 6.958E-01 
 1.500E+00 1.518E+00 3.650E-02 1.555E+00 8.570E-01 
 1.750E+00 1.525E+00 4.306E-02 1.568E+00 1.017E+00 
 2.000E+00 1.533E+00 4.988E-02 1.583E+00 1.176E+00 
 2.500E+00 1.552E+00 6.419E-02 1.616E+00 1.489E+00 
 3.000E+00 1.571E+00 7.919E-02 1.650E+00 1.795E+00 
 3.500E+00 1.589E+00 9.476E-02 1.684E+00 2.095E+00 
 4.000E+00 1.606E+00 1.108E-01 1.717E+00 2.389E+00 
 4.500E+00 1.621E+00 1.272E-01 1.748E+00 2.677E+00 
 5.000E+00 1.635E+00 1.440E-01 1.779E+00 2.961E+00 
 5.500E+00 1.648E+00 1.611E-01 1.809E+00 3.239E+00 
 6.000E+00 1.660E+00 1.785E-01 1.838E+00 3.514E+00 
 7.000E+00 1.681E+00 2.140E-01 1.895E+00 4.049E+00 
 8.000E+00 1.698E+00 2.503E-01 1.949E+00 4.570E+00 
 9.000E+00 1.714E+00 2.873E-01 2.001E+00 5.076E+00 
 1.000E+01 1.727E+00 3.249E-01 2.052E+00 5.569E+00 
 1.250E+01 1.755E+00 4.209E-01 2.176E+00 6.752E+00 
 1.500E+01 1.776E+00 5.194E-01 2.296E+00 7.870E+00 
 1.750E+01 1.794E+00 6.196E-01 2.413E+00 8.932E+00 
 2.000E+01 1.808E+00 7.212E-01 2.530E+00 9.944E+00 
 2.500E+01 1.832E+00 9.276E-01 2.759E+00 1.184E+01 
 3.000E+01 1.850E+00 1.137E+00 2.987E+00 1.358E+01 
 3.500E+01 1.865E+00 1.349E+00 3.214E+00 1.519E+01 
 4.000E+01 1.878E+00 1.563E+00 3.441E+00 1.669E+01 
 4.500E+01 1.890E+00 1.778E+00 3.668E+00 1.810E+01 
 5.000E+01 1.900E+00 1.995E+00 3.895E+00 1.942E+01 
 5.500E+01 1.908E+00 2.213E+00 4.121E+00 2.067E+01 
 6.000E+01 1.916E+00 2.432E+00 4.348E+00 2.185E+01 
 7.000E+01 1.931E+00 2.872E+00 4.802E+00 2.404E+01 
 8.000E+01 1.943E+00 3.315E+00 5.257E+00 2.603E+01 
 9.000E+01 1.953E+00 3.760E+00 5.713E+00 2.785E+01 
 1.000E+02 1.962E+00 4.207E+00 6.169E+00 2.954E+01 
 1.250E+02 1.982E+00 5.331E+00 7.312E+00 3.325E+01 
 1.500E+02 1.997E+00 6.461E+00 8.458E+00 3.643E+01 
 1.750E+02 2.010E+00 7.597E+00 9.606E+00 3.920E+01 
 2.000E+02 2.021E+00 8.737E+00 1.076E+01 4.166E+01 
 2.500E+02 2.039E+00 1.102E+01 1.306E+01 4.587E+01 
 3.000E+02 2.053E+00 1.332E+01 1.537E+01 4.940E+01 
 3.500E+02 2.065E+00 1.562E+01 1.769E+01 5.243E+01 
 4.000E+02 2.076E+00 1.793E+01 2.001E+01 5.508E+01 
 4.500E+02 2.085E+00 2.024E+01 2.233E+01 5.745E+01 
 5.000E+02 2.093E+00 2.255E+01 2.465E+01 5.958E+01 
 5.500E+02 2.100E+00 2.487E+01 2.697E+01 6.152E+01 
 6.000E+02 2.107E+00 2.719E+01 2.930E+01 6.329E+01 
 7.000E+02 2.119E+00 3.183E+01 3.395E+01 6.646E+01 
 8.000E+02 2.129E+00 3.647E+01 3.860E+01 6.922E+01 
 9.000E+02 2.138E+00 4.112E+01 4.326E+01 7.167E+01 
 1.000E+03 2.146E+00 4.577E+01 4.792E+01 7.386E+01
